H_Balmer: 3970,4102,4341,4861,6563, 
H_Paschen: 10052,10941,12822,18756
HeI: 3889,4471, 5876,6678,7065
HeII: 3203,3968,4025,4200,4339,4542,4686,5411,5977,6004,6037,6312,6560,6683,6891,7178,7593,8237,9345,10124
CII: 3919,3921,4267,5145,5890,6578,7231,7236,9234,9891
CIII: 4647,4650,5696,6742,8500,8665,9711
CIV: 4658,5801,5812,7061,7726,8859
NII: 3995,4631,5005,5680,5942,6482,6611
NIII: 4634,4641,4687,5321,5327,6467
NIV: 3479,3483,3485,4058,5204,6381,7115
NV: 4604,4620,4945
OI: 6158,7772,7774,7775,8446,9263
[OI]: 5577,6300,6363
OII: 3390,3377,4416,6641,6721
[OII]: 3726,3729
[OIII]: 4363, 4959,5007
OV: 3145,4124,4930,5598,6500
OVI: 3811,3834
NaI: 5890,5896, 8183,8195
MgI: 3829,3832,3838, 4571,4703, 5167,5173,5184, 5528,8807
MgII: 2796,2798,2803, 4481,7877,7896,8214,8235,9218,9244,9632
SiII: 4128,4131,5958,5979,6347,6371
SII: 5433,5454,5606,5640,5647,6715, 13529,14501
CaII: 3159,3180,3706,3737, 
CaII [H&K]: 3934,3969, 
CaII [IR-trip]: 8498,8542,8662
[CaII]: 7292,7324
FeII: 4303,4352,4515,4549,4924,5018,5169,5198,5235,5363
FeIII: 4397,4421,4432,5129,5158
